rot:
  max: 8.098325041124367
  mean: 2.6811121636214064
  median: 2.5534295642744143
  min: 0.514783329002187
  num_samples: 2924
  rmse: 2.827873330242045
  std: 0.8991691375795632
scale:
  max: 1248902.9269856222
  mean: 12729.691060792997
  median: 10.319511719933994
  min: 0.007441516595718678
  num_samples: 2924
  rmse: 92155.14512253694
  std: 91271.71378939155
trans:
  max: 0.7911095423220323
  mean: 0.3449910202971884
  median: 0.36788312431315273
  min: 0.07899882396385749
  num_samples: 2924
  rmse: 0.38488576166997956
  std: 0.1706406910750927
