rot:
  max: 12.377799059306959
  mean: 10.089048355436521
  median: 10.270265567197093
  min: 4.443309135668608
  num_samples: 2550
  rmse: 10.150927486119457
  std: 1.1191211329070274
scale:
  max: 328736.3032964789
  mean: 5311.724137143402
  median: 20.190589623806773
  min: 0.0018830754665577487
  num_samples: 2550
  rmse: 39753.493091617274
  std: 39397.02780256589
trans:
  max: 1.4822127979211648
  mean: 0.5314892575321306
  median: 0.47197369963958424
  min: 0.10469702767228091
  num_samples: 2550
  rmse: 0.5994727727538054
  std: 0.2772846450871021
