rot:
  max: 13.173882253822747
  mean: 6.926525441384133
  median: 6.908692373691009
  min: 4.369931217281802
  num_samples: 628
  rmse: 7.113615334966769
  std: 1.6207308362996915
scale:
  max: 19142398.83645919
  mean: 98292.3166348138
  median: 38.96122793053327
  min: 0.3016569216065079
  num_samples: 628
  rmse: 1104618.4628924401
  std: 1100236.596852431
trans:
  max: 1.9012905071369721
  mean: 1.6532613929523066
  median: 1.65870112520592
  min: 1.3886304466201245
  num_samples: 628
  rmse: 1.6573336670862688
  std: 0.11611051042441511
