rot:
  max: 13.902989044953356
  mean: 8.02211332378244
  median: 8.172515250561194
  min: 0.5971643134833682
  num_samples: 2685
  rmse: 8.384929024417668
  std: 2.4398222404335312
scale:
  max: 1750773.690868315
  mean: 8197.23086832709
  median: 28.59254846343613
  min: 0.020359237118516837
  num_samples: 2685
  rmse: 82837.16052352049
  std: 82430.58030664864
trans:
  max: 1.3971259817833865
  mean: 0.7942552732136927
  median: 0.8273906188915274
  min: 0.07741300911668077
  num_samples: 2685
  rmse: 0.8301818938409622
  std: 0.2415792578712196
