rot:
  max: 14.635979931815063
  mean: 12.402750401734506
  median: 12.70986082607537
  min: 9.696236047140456
  num_samples: 860
  rmse: 12.461527106528388
  std: 1.2089004504161105
scale:
  max: 42395.810277058365
  mean: 96.40955140078704
  median: 9.350879736855756
  min: 0.12794740021571105
  num_samples: 860
  rmse: 1514.868946955158
  std: 1511.7979775246852
trans:
  max: 0.6475139421322762
  mean: 0.26386186454664096
  median: 0.2033346039441042
  min: 0.04060544567333608
  num_samples: 860
  rmse: 0.30823487192400134
  std: 0.15932875668872706
