rot:
  max: 8.262800378997646
  mean: 4.661954085287558
  median: 4.88363599492394
  min: 1.2858466404296054
  num_samples: 2206
  rmse: 4.978601114663955
  std: 1.7471843536398333
scale:
  max: 9668.050339841262
  mean: 14.48822500324618
  median: 3.5592770446471467
  min: 0.001778375170946589
  num_samples: 2206
  rmse: 215.15689231600933
  std: 214.66853436714499
trans:
  max: 0.2839874045697936
  mean: 0.15967760706909842
  median: 0.16884870208878638
  min: 0.013040605591645944
  num_samples: 2206
  rmse: 0.1761981080667061
  std: 0.07449050333413824
