rot:
  max: 19.377890500067824
  mean: 8.707209530914552
  median: 8.241841866634514
  min: 2.156151716741057
  num_samples: 3154
  rmse: 9.130760950789824
  std: 2.748690183563632
scale:
  max: 1761.8074570567042
  mean: 87.42478685909684
  median: 20.49651528916835
  min: 0.00058831839828688
  num_samples: 3154
  rmse: 196.34642002186868
  std: 175.80905351558425
trans:
  max: 0.9243425626852022
  mean: 0.5627832069510584
  median: 0.5818233831282117
  min: 0.005478991252383112
  num_samples: 3154
  rmse: 0.5931152005231656
  std: 0.18724503482206697
