rot:
  max: 4.189834171276596
  mean: 2.095430951199075
  median: 1.9893591367128274
  min: 0.9454797259286722
  num_samples: 2994
  rmse: 2.1648642445108273
  std: 0.5438808012040673
scale:
  max: 12876615.650226777
  mean: 43050.338075962034
  median: 6.932149922487557
  min: 0.004338582839702454
  num_samples: 2994
  rmse: 489744.0910813136
  std: 487848.2788127959
trans:
  max: 0.872477696169973
  mean: 0.23687379953111753
  median: 0.19771837812998344
  min: 0.03386974763775353
  num_samples: 2994
  rmse: 0.28944314468719906
  std: 0.16633741942842223
