rot:
  max: 22.583706909502006
  mean: 17.44351750858586
  median: 17.318392524784965
  min: 12.251335706872714
  num_samples: 3048
  rmse: 17.554033938131287
  std: 1.9666734423191787
scale:
  max: 43179.064142440104
  mean: 191.16722026393333
  median: 26.937888403362603
  min: 0.03000119972971227
  num_samples: 3048
  rmse: 1157.8235049779282
  std: 1141.9327311956408
trans:
  max: 2.106556609706849
  mean: 0.8757337914395253
  median: 0.7867637585662253
  min: 0.08920504956641676
  num_samples: 3048
  rmse: 0.9685739044294893
  std: 0.41379431469359257
