rot:
  max: 98.24227145344622
  mean: 92.85942058719365
  median: 93.0454956541916
  min: 86.20887045638604
  num_samples: 3296
  rmse: 92.86950819599818
  std: 1.368780763033584
scale:
  max: 444204.42312001897
  mean: 396.7027807077544
  median: 58.831496550810385
  min: 0.015721863819628812
  num_samples: 3296
  rmse: 8467.589200057668
  std: 8458.291421127076
trans:
  max: 3.283179104522468
  mean: 1.7763029600470013
  median: 1.7673895747291333
  min: 0.1412643057988507
  num_samples: 3296
  rmse: 1.8488865286543148
  std: 0.5129611973313991
