rot:
  max: 179.73131671229334
  mean: 80.784357524682
  median: 70.92628736830305
  min: 7.734539810064376
  num_samples: 2205
  rmse: 96.75315300519709
  std: 53.24528331947756
scale:
  max: 6593.58137799916
  mean: 100.7407341186904
  median: 28.575356285106366
  min: 0.012889253527637035
  num_samples: 2205
  rmse: 245.15432830046672
  std: 223.49932700945735
trans:
  max: 3.0230036315577777
  mean: 1.4573529835111587
  median: 1.4239743441950725
  min: 0.23565901513769474
  num_samples: 2205
  rmse: 1.6643025715568933
  std: 0.8037570100111179
