rot:
  max: 9.76745407673064
  mean: 4.844697185079129
  median: 4.592221623765017
  min: 0.6458598067245408
  num_samples: 2868
  rmse: 5.2164934793413655
  std: 1.9340923982316247
scale:
  max: 35492.32019604605
  mean: 39.760041190896665
  median: 8.913404262574819
  min: 0.01109745412251062
  num_samples: 2868
  rmse: 693.6046380923948
  std: 692.4641023964925
trans:
  max: 0.6431181890348243
  mean: 0.2121266985212669
  median: 0.16769098486744766
  min: 0.04870145316020278
  num_samples: 2868
  rmse: 0.24790945311071272
  std: 0.12830183442227244
