rot:
  max: 13.846973890046923
  mean: 5.749388694023779
  median: 5.533625535589216
  min: 0.3453500118780031
  num_samples: 2243
  rmse: 6.280285320879082
  std: 2.527155190462352
scale:
  max: 23045.129751643806
  mean: 139.65138293442774
  median: 33.112447497395394
  min: 0.001428316850304867
  num_samples: 2243
  rmse: 583.7409677753216
  std: 566.7900922773533
trans:
  max: 3.4927905931991017
  mean: 1.3489115517215182
  median: 1.1709676134918516
  min: 0.3897632063844417
  num_samples: 2243
  rmse: 1.4389131283479584
  std: 0.5009077924771717
