rot:
  max: 19.271477788316826
  mean: 12.538762512358296
  median: 12.845605339378071
  min: 5.997304392735861
  num_samples: 2861
  rmse: 12.700859314974577
  std: 2.022686826341331
scale:
  max: 376808.6685046341
  mean: 850.498503301414
  median: 60.70975957565883
  min: 0.06675125101627266
  num_samples: 2861
  rmse: 8401.293444889143
  std: 8358.132796445583
trans:
  max: 2.694758324750193
  mean: 1.8928870207470556
  median: 2.092623130240884
  min: 0.38768336638608664
  num_samples: 2861
  rmse: 1.9579526900106934
  std: 0.5005571525884405
