rot:
  max: 20.928417798504164
  mean: 8.136091641051406
  median: 7.624589024173213
  min: 1.6480033371347127
  num_samples: 3456
  rmse: 8.675242820062602
  std: 3.0106229912530003
scale:
  max: 1582397.504024313
  mean: 1101.2821162784307
  median: 6.090473979739336
  min: 0.000371045421276861
  num_samples: 3456
  rmse: 38166.40973229893
  std: 38150.517815019084
trans:
  max: 0.7135228505296681
  mean: 0.25149605071882625
  median: 0.187682127384143
  min: 0.04955438572708425
  num_samples: 3456
  rmse: 0.30334079841655426
  std: 0.16960358621452018
