rot:
  max: 31.545765796321938
  mean: 6.249566462007172
  median: 4.949033113570535
  min: 2.7483832644082664
  num_samples: 1064
  rmse: 6.9610419301241215
  std: 3.065782736904444
scale:
  max: 163.649217278546
  mean: 14.336334141562402
  median: 4.099110059337763
  min: 0.0040693630154242655
  num_samples: 1064
  rmse: 29.399566196169964
  std: 25.667177793915158
trans:
  max: 0.6032305423962824
  mean: 0.23940558742308204
  median: 0.2141089371840069
  min: 0.044029551299126245
  num_samples: 1064
  rmse: 0.2784487707227533
  std: 0.1421924141001252
