rot:
  max: 10.303443734508551
  mean: 7.602554956015411
  median: 7.443398766744779
  min: 4.798257620896976
  num_samples: 2286
  rmse: 7.691255553793776
  std: 1.1647189079469513
scale:
  max: 193923.82130964583
  mean: 1890.4757019544859
  median: 11.360218926008802
  min: 0.003910267771112252
  num_samples: 2286
  rmse: 12542.749352720426
  std: 12399.462203881598
trans:
  max: 0.6282895239013399
  mean: 0.30725318002066515
  median: 0.29524825950954103
  min: 0.07378035563833218
  num_samples: 2286
  rmse: 0.32357576147652506
  std: 0.1014729362061718
