rot:
  max: 53.8381965206093
  mean: 8.869889748490362
  median: 8.295051456369434
  min: 3.6503270963231063
  num_samples: 1435
  rmse: 9.308919867662729
  std: 2.8250743268437093
scale:
  max: 305.05412116409235
  mean: 13.168704946620961
  median: 10.534468709286548
  min: 0.017696378265763535
  num_samples: 1435
  rmse: 23.638498708661196
  std: 19.6306859591869
trans:
  max: 0.32456031041456795
  mean: 0.10675817733349904
  median: 0.08775206188676891
  min: 0.0058214777464740295
  num_samples: 1435
  rmse: 0.128975285216291
  std: 0.07236930128896364
