rot:
  max: 25.48424928652245
  mean: 14.205680173316223
  median: 14.78651266857796
  min: 3.0969892909719334
  num_samples: 2924
  rmse: 15.045830352455159
  std: 4.957384573372457
scale:
  max: 7878835.338459599
  mean: 45326.56437917038
  median: 43.982220179486646
  min: 0.023421599605200072
  num_samples: 2924
  rmse: 347199.33499832795
  std: 344227.9488723454
trans:
  max: 1.7226564101003319
  mean: 1.0644631140338288
  median: 1.0650258921336468
  min: 0.2348998581360148
  num_samples: 2924
  rmse: 1.1218484409725327
  std: 0.35420644174535637
