rot:
  max: 8.743489294212846
  mean: 5.386664157363712
  median: 5.609532242500505
  min: 1.5089185397944753
  num_samples: 600
  rmse: 5.671117431647923
  std: 1.7735338111561403
scale:
  max: 8477241.943443442
  mean: 20580.390714683002
  median: 37.85033206653543
  min: 0.16947163940788101
  num_samples: 600
  rmse: 352310.83815118973
  std: 351709.2182426057
trans:
  max: 1.6680366131704423
  mean: 1.3946522207339713
  median: 1.3585032769605756
  min: 1.1757001442424702
  num_samples: 600
  rmse: 1.4009989801726808
  std: 0.13320407518800978
