rot:
  max: 16.423943163931455
  mean: 3.6998517389290932
  median: 3.3589016859313823
  min: 0.6394284575781165
  num_samples: 1032
  rmse: 4.140634060575416
  std: 1.859017894895213
scale:
  max: 1383.5523952641684
  mean: 70.56011483941874
  median: 22.198868153832123
  min: 0.10595067722771745
  num_samples: 1032
  rmse: 154.81914868171754
  std: 137.80507607624543
trans:
  max: 0.9539779337436909
  mean: 0.5779948757182805
  median: 0.6299548357652891
  min: 0.05104305063139408
  num_samples: 1032
  rmse: 0.6173791546674691
  std: 0.21697682885812533
