rot:
  max: 74.98212511139981
  mean: 62.7219664026427
  median: 62.46494252017431
  min: 53.08564813225938
  num_samples: 4300
  rmse: 62.79999214890325
  std: 3.129527837880651
scale:
  max: 9491.133827390704
  mean: 421.82568258846936
  median: 226.7900304440415
  min: 19.67081790328389
  num_samples: 4300
  rmse: 863.9996768795774
  std: 754.0282058098268
trans:
  max: 2.9060987394568394
  mean: 1.3771421554888703
  median: 1.1800248704290976
  min: 0.19499705825459396
  num_samples: 4300
  rmse: 1.5602489421462975
  std: 0.7333868317907737
