rot:
  max: 62.83128613835868
  mean: 46.53642261533422
  median: 44.01420119008539
  min: 37.23468956363563
  num_samples: 860
  rmse: 46.96212731835848
  std: 6.308943844473698
scale:
  max: 122515.12111991315
  mean: 289.8219799262482
  median: 17.75645255131283
  min: 0.06949987308573213
  num_samples: 860
  rmse: 4547.482372576758
  std: 4538.237449588549
trans:
  max: 1.5730352288977596
  mean: 0.7779194555290312
  median: 0.7820133328380972
  min: 0.07681693981182376
  num_samples: 860
  rmse: 0.8811769246952006
  std: 0.41390106707365065
