rot:
  max: 5.398627098653942
  mean: 1.9715308445168616
  median: 2.1210346054878215
  min: 0.31613495803133435
  num_samples: 2994
  rmse: 2.178448007819445
  std: 0.9266616706711999
scale:
  max: 13817906.399542239
  mean: 46195.6134903961
  median: 6.337710723580847
  min: 0.0018205235114532314
  num_samples: 2994
  rmse: 525527.1853557599
  std: 523492.87277115165
trans:
  max: 0.9352678170492874
  mean: 0.2263450042449854
  median: 0.19069219609236424
  min: 0.038136809462817424
  num_samples: 2994
  rmse: 0.29387639702864266
  std: 0.18743339025871017
