rot:
  max: 28.345707092183062
  mean: 9.098727735895702
  median: 8.104783696505931
  min: 0.8804511050371688
  num_samples: 2993
  rmse: 10.748679557353269
  std: 5.7225226792653565
scale:
  max: 11900689.235380882
  mean: 39808.178471863765
  median: 11.33896087171733
  min: 0.008708914516319943
  num_samples: 2993
  rmse: 452732.2869525113
  std: 450978.7495836177
trans:
  max: 0.7984327826363161
  mean: 0.3241191649180766
  median: 0.28895623044330937
  min: 0.04252050900899058
  num_samples: 2993
  rmse: 0.3661764114171839
  std: 0.1703875911302681
