rot:
  max: 17.022126588766636
  mean: 3.923744076398142
  median: 3.4438352641307466
  min: 0.39480830901650693
  num_samples: 3187
  rmse: 4.450848043786692
  std: 2.1010189746430927
scale:
  max: 244623.4938159087
  mean: 3711.5202813501783
  median: 11.232888561892274
  min: 0.018337030460924275
  num_samples: 3187
  rmse: 27812.73027117605
  std: 27563.97254276529
trans:
  max: 0.4229701910413486
  mean: 0.24025551259667638
  median: 0.24548808045296222
  min: 0.05393063422191851
  num_samples: 3187
  rmse: 0.25041721335123024
  std: 0.0706121052618023
