rot:
  max: 7.898918576585225
  mean: 3.9942091052443596
  median: 3.428135938655622
  min: 2.292400920447872
  num_samples: 3749
  rmse: 4.214978018745648
  std: 1.3462292977394457
scale:
  max: 18679.072090945432
  mean: 22.189696025213504
  median: 4.839362061947328
  min: 0.00020459985010656823
  num_samples: 3749
  rmse: 321.2004440354785
  std: 320.43305484749436
trans:
  max: 1.1985117334466182
  mean: 0.25004572630214067
  median: 0.16505400257584563
  min: 0.0018632498408607048
  num_samples: 3749
  rmse: 0.34836869404587895
  std: 0.24256521133350137
