rot:
  max: 20.712222996080435
  mean: 16.799316627700126
  median: 16.79268625542038
  min: 15.353265772497132
  num_samples: 3749
  rmse: 16.817783191196842
  std: 0.7879037430936526
scale:
  max: 15200.00087915206
  mean: 23.12587519743575
  median: 8.93263525900483
  min: 0.00031877919309808433
  num_samples: 3749
  rmse: 261.7980618092113
  std: 260.7746518805312
trans:
  max: 1.345783086475821
  mean: 0.4651651958941529
  median: 0.3754771479100529
  min: 0.10034025556147586
  num_samples: 3749
  rmse: 0.5656987103420333
  std: 0.32192603406899856
