rot:
  max: 30.271558362198327
  mean: 11.497563431562146
  median: 8.970041053398791
  min: 2.648715729775154
  num_samples: 2004
  rmse: 13.694270386231148
  std: 7.439023897556204
scale:
  max: 4161319.828280239
  mean: 48253.63324249555
  median: 22.460000959294913
  min: 0.014650875191946078
  num_samples: 2004
  rmse: 295866.24231003853
  std: 291904.8136251973
trans:
  max: 1.2475403865525445
  mean: 0.39636147515377146
  median: 0.3364086374292114
  min: 0.08234364431021184
  num_samples: 2004
  rmse: 0.45543948167292486
  std: 0.22432722188898227
