rot:
  max: 24.922972807773068
  mean: 14.164815817259775
  median: 13.788016288716538
  min: 7.427336606752856
  num_samples: 2747
  rmse: 14.44014833077146
  std: 2.8063992370632214
scale:
  max: 9617.16223213487
  mean: 185.88033382945025
  median: 37.62858112808013
  min: 0.04305364403425216
  num_samples: 2747
  rmse: 507.6963779798911
  std: 472.444826100734
trans:
  max: 1.4760567275267942
  mean: 0.7808175549798206
  median: 0.7267006228797126
  min: 0.191488443309635
  num_samples: 2747
  rmse: 0.8415909437265457
  std: 0.31400519485809847
