rot:
  max: 16.853260611341536
  mean: 8.528022694133982
  median: 8.340544578384515
  min: 1.6139716714735481
  num_samples: 972
  rmse: 9.09422057968729
  std: 3.158746093047622
scale:
  max: 5843.948094975461
  mean: 336.47361046247767
  median: 35.42325610389973
  min: 0.02803471472470065
  num_samples: 972
  rmse: 954.7465850452842
  std: 893.4912149081135
trans:
  max: 1.5866492450209715
  mean: 1.0011577841030521
  median: 1.0271758790479688
  min: 0.30624765105325924
  num_samples: 972
  rmse: 1.0279577118923928
  std: 0.23319551618525985
