rot:
  max: 7.255226182785552
  mean: 3.7820429748281144
  median: 3.7528221024925754
  min: 0.49794625341058174
  num_samples: 2685
  rmse: 3.949462413218291
  std: 1.137718897609314
scale:
  max: 841227.9130008706
  mean: 3955.2855427245877
  median: 11.020342038493158
  min: 0.00018064169544640407
  num_samples: 2685
  rmse: 39798.74497696899
  std: 39601.71483682656
trans:
  max: 1.4205492413904408
  mean: 0.5607465676735393
  median: 0.4616641581880999
  min: 0.11627318649181222
  num_samples: 2685
  rmse: 0.6351717445268354
  std: 0.29833945747689555
