rot:
  max: 11.19655254277447
  mean: 8.355559150188258
  median: 8.467895704925555
  min: 5.290537530341592
  num_samples: 1009
  rmse: 8.450685741623282
  std: 1.264405311354041
scale:
  max: 38427.23966811582
  mean: 68.72531767545338
  median: 11.316526950530747
  min: 0.02554369220639785
  num_samples: 1009
  rmse: 1244.7133104905452
  std: 1242.8145702488125
trans:
  max: 0.5509226648643352
  mean: 0.3115054586220293
  median: 0.2938839534088539
  min: 0.10274613095227277
  num_samples: 1009
  rmse: 0.3317729868434289
  std: 0.11418259082578754
