rot:
  max: 13.872470444591224
  mean: 5.416569333091161
  median: 4.952154322022524
  min: 2.146265943539683
  num_samples: 3749
  rmse: 6.050158346644135
  std: 2.6954021368404524
scale:
  max: 16227.431370812315
  mean: 21.709279408472003
  median: 6.875055210488934
  min: 0.004438410640361656
  num_samples: 3749
  rmse: 278.7199710057442
  std: 277.87322545543634
trans:
  max: 0.685983268462229
  mean: 0.2070569257263817
  median: 0.1529488491988313
  min: 0.023224892863206816
  num_samples: 3749
  rmse: 0.25848162824804416
  std: 0.154726150506305
