rot:
  max: 32.5227737079951
  mean: 19.668135647593854
  median: 17.997966582826894
  min: 11.039047608940841
  num_samples: 1229
  rmse: 20.464495332538455
  std: 5.65331843816851
scale:
  max: 1936.481355893972
  mean: 214.83036693594067
  median: 67.27783032853247
  min: 0.18562368296586307
  num_samples: 1229
  rmse: 392.83029959859863
  std: 328.88228551397196
trans:
  max: 2.158177339522476
  mean: 1.5561857741625957
  median: 1.7043926534508467
  min: 0.25453795562470255
  num_samples: 1229
  rmse: 1.6150837532243913
  std: 0.43218209845312827
