rot:
  max: 37.60847189260968
  mean: 33.64682974997547
  median: 33.86568275339971
  min: 29.62409638690506
  num_samples: 1796
  rmse: 33.68084588225429
  std: 1.5133496358514746
scale:
  max: 20051682.42454294
  mean: 27851.224220618395
  median: 112.57251336213969
  min: 0.03611509036093308
  num_samples: 1796
  rmse: 504350.21427368885
  std: 503580.6270572058
trans:
  max: 4.729330005278698
  mean: 3.705968400166843
  median: 3.7408064713625064
  min: 2.8953063272517268
  num_samples: 1796
  rmse: 3.7379283468395417
  std: 0.4877566432878191
