rot:
  max: 13.019954550621382
  mean: 9.99737692281295
  median: 10.050556220169168
  min: 7.5219875320894865
  num_samples: 2936
  rmse: 10.027184043722892
  std: 0.7725765398315396
scale:
  max: 5489285.136507523
  mean: 16734.23735153063
  median: 65.80864762552793
  min: 0.036551482539315394
  num_samples: 2936
  rmse: 220402.8340101624
  std: 219766.63654880345
trans:
  max: 3.774848657829954
  mean: 2.266737476659348
  median: 1.9998811251455333
  min: 1.09528069648021
  num_samples: 2936
  rmse: 2.3418786118442547
  std: 0.588469748178773
