rot:
  max: 18.75385390925971
  mean: 14.219632890769
  median: 13.605329597547373
  min: 11.217155564710685
  num_samples: 860
  rmse: 14.324615929322022
  std: 1.7310869343700457
scale:
  max: 37341.64447132124
  mean: 90.99272645631721
  median: 21.848690032480732
  min: 0.10321819833857271
  num_samples: 860
  rmse: 1332.2388904825082
  std: 1329.127828708025
trans:
  max: 0.7695439504431727
  mean: 0.4230436355388643
  median: 0.4039033472652781
  min: 0.06290100799445666
  num_samples: 860
  rmse: 0.4632796241835644
  std: 0.18884409605207458
