rot:
  max: 19.235153114624236
  mean: 14.606434339884236
  median: 14.454542589625751
  min: 11.507630726018284
  num_samples: 2936
  rmse: 14.681287150787186
  std: 1.4806310406443148
scale:
  max: 8356402.469089889
  mean: 25526.221512586242
  median: 89.34927005044298
  min: 0.10969232720419164
  num_samples: 2936
  rmse: 335476.2912378396
  std: 334503.74287589994
trans:
  max: 4.28812888050031
  mean: 2.8910231976588214
  median: 3.115069227598184
  min: 0.6406404485542483
  num_samples: 2936
  rmse: 3.0067694502158084
  std: 0.8262247862111363
