rot:
  max: 11.197543430473035
  mean: 8.72228134869832
  median: 8.607081814034519
  min: 6.391397255042596
  num_samples: 860
  rmse: 8.79453965674178
  std: 1.1250492647672083
scale:
  max: 54719.546322055976
  mean: 120.54522549559228
  median: 8.474675841014523
  min: 0.11801426738440313
  num_samples: 860
  rmse: 1958.171639721014
  std: 1954.4577302203038
trans:
  max: 0.5219273820653608
  mean: 0.2463835881200898
  median: 0.236657593347192
  min: 0.05903602282167399
  num_samples: 860
  rmse: 0.27072248400109217
  std: 0.11218641115924674
