rot:
  max: 10.159991085090603
  mean: 4.659061639773702
  median: 3.93238550536396
  min: 2.2562839057414306
  num_samples: 3228
  rmse: 5.0898200444800015
  std: 2.049246867017145
scale:
  max: 11296.006584610315
  mean: 103.19740323978938
  median: 25.119902041866844
  min: 0.00665492157316816
  num_samples: 3228
  rmse: 610.1771307031385
  std: 601.3870856592112
trans:
  max: 1.28743360201637
  mean: 0.7266725776275685
  median: 0.7083006013845902
  min: 0.24956436607630206
  num_samples: 3228
  rmse: 0.781040764750572
  std: 0.28630690024214195
