rot:
  max: 10.806575002893444
  mean: 7.396518639809297
  median: 7.7259422369598525
  min: 4.049295807653729
  num_samples: 2550
  rmse: 7.571546347595677
  std: 1.6185876883082704
scale:
  max: 113300.9070415034
  mean: 1842.036825342587
  median: 13.251798994015035
  min: 0.015274744801918594
  num_samples: 2550
  rmse: 13705.539700102521
  std: 13581.189889150657
trans:
  max: 1.0395326294528435
  mean: 0.3774160549105336
  median: 0.3658278360053473
  min: 0.11171643931383783
  num_samples: 2550
  rmse: 0.41466341329536627
  std: 0.1717639887215385
