rot:
  max: 12.97679481185821
  mean: 9.27873899434148
  median: 9.330836496747647
  min: 5.3488322390754375
  num_samples: 1009
  rmse: 9.407475954777638
  std: 1.5510017777572942
scale:
  max: 32430.262308841553
  mean: 62.448051167520894
  median: 13.613521653562888
  min: 0.028762931824477533
  num_samples: 1009
  rmse: 1050.1453176122038
  std: 1048.2869020493463
trans:
  max: 0.7102181690547219
  mean: 0.380678306324812
  median: 0.36082163428752273
  min: 0.17303675427894927
  num_samples: 1009
  rmse: 0.4084320487254307
  std: 0.1479890722983464
