rot:
  max: 19.5568945976746
  mean: 7.826695320809787
  median: 5.758191810788986
  min: 0.4099521565007106
  num_samples: 2868
  rmse: 9.682141392932843
  std: 5.699710721427687
scale:
  max: 67595.24074197702
  mean: 79.93168717165405
  median: 20.419495057652703
  min: 0.002132658734588233
  num_samples: 2868
  rmse: 1322.4916725155888
  std: 1320.0739181042
trans:
  max: 1.2228881746037517
  mean: 0.41807998413120945
  median: 0.3927218138391384
  min: 0.054838036947422175
  num_samples: 2868
  rmse: 0.49089180428026885
  std: 0.2572622987893588
