rot:
  max: 24.045746241966434
  mean: 15.062192180209836
  median: 14.991117624866538
  min: 6.127795490138696
  num_samples: 3553
  rmse: 15.403541515168513
  std: 3.224819054760378
scale:
  max: 1068747.300081404
  mean: 5013.899364824769
  median: 33.41514068415654
  min: 0.051508155986268456
  num_samples: 3553
  rmse: 50795.94315149114
  std: 50547.88476097619
trans:
  max: 2.3191562144682147
  mean: 1.0098363059585793
  median: 0.8724272040227709
  min: 0.3590791660045361
  num_samples: 3553
  rmse: 1.0907717110122137
  std: 0.41232700701317443
