rot:
  max: 23.072489987886666
  mean: 11.137069911905197
  median: 10.580635736925272
  min: 1.8695528094428588
  num_samples: 3154
  rmse: 11.531050091387073
  std: 2.988442736177776
scale:
  max: 3521.404354868635
  mean: 155.56142506557308
  median: 17.09966163436118
  min: 0.0038212352004851624
  num_samples: 3154
  rmse: 363.75027188817086
  std: 328.80830787905336
trans:
  max: 1.5056453357816109
  mean: 0.8117175649365687
  median: 0.8395239042153753
  min: 0.14093396243012624
  num_samples: 3154
  rmse: 0.877449041614647
  std: 0.333213768328846
