rot:
  max: 8.306126121486226
  mean: 4.950024399350874
  median: 5.174949972205802
  min: 1.3960146124945472
  num_samples: 2206
  rmse: 5.215122035083941
  std: 1.6415712858871205
scale:
  max: 9202.829584403094
  mean: 15.775146300246703
  median: 4.7733507511026785
  min: 0.001972602371158594
  num_samples: 2206
  rmse: 205.0657298337583
  std: 204.45806003055415
trans:
  max: 0.32877903815185217
  mean: 0.15551855553148017
  median: 0.15319560597848966
  min: 0.032561119117420156
  num_samples: 2206
  rmse: 0.1709594076435526
  std: 0.07100068976591915
