rot:
  max: 99.60841400138985
  mean: 91.56021437658865
  median: 90.32877609783597
  min: 85.97848615038757
  num_samples: 1999
  rmse: 91.63152844972359
  std: 3.6144362417437046
scale:
  max: 643706.8707054484
  mean: 9172.196188308153
  median: 106.78565495339467
  min: 0.14681592801524257
  num_samples: 1999
  rmse: 59709.609984228606
  std: 59000.91814160078
trans:
  max: 4.121824996535096
  mean: 2.3079735599319866
  median: 2.5787412537507115
  min: 3.535533905932738e-05
  num_samples: 1999
  rmse: 2.515137504763767
  std: 0.9995872720899277
