rot:
  max: 120.61983651657927
  mean: 115.87748093365647
  median: 115.59630133567954
  min: 112.52523131863663
  num_samples: 1999
  rmse: 115.88853535313524
  std: 1.6006369872536186
scale:
  max: 25979062.189901322
  mean: 248041.91970179116
  median: 41.58689010574428
  min: 0.14168677412493835
  num_samples: 1999
  rmse: 1736070.1307962614
  std: 1718259.207777918
trans:
  max: 2.0689159471029273
  mean: 1.05350269807271
  median: 0.9972256987233199
  min: 0.32782705321667543
  num_samples: 1999
  rmse: 1.1444628287690464
  std: 0.4471322305398791
