rot:
  max: 17.313660855621997
  mean: 13.445651468002318
  median: 13.363933229837999
  min: 10.401593971084115
  num_samples: 2286
  rmse: 13.4887352370941
  std: 1.0772348385709987
scale:
  max: 985140.5785621224
  mean: 9635.075072639778
  median: 18.310735498021536
  min: 0.043921940688385064
  num_samples: 2286
  rmse: 63849.97869228195
  std: 63118.817379205204
trans:
  max: 2.10684770036746
  mean: 1.1639674052928421
  median: 1.1727628188373422
  min: 0.12786642952871877
  num_samples: 2286
  rmse: 1.2654300511913574
  std: 0.49648070846107484
