rot:
  max: 14.233906919753759
  mean: 8.436139244242506
  median: 8.337522669942924
  min: 2.683999656783933
  num_samples: 2243
  rmse: 8.688182489389877
  std: 2.077515251614862
scale:
  max: 3198.1591146617357
  mean: 44.477735825868145
  median: 17.13614866132974
  min: 0.0007380643315624269
  num_samples: 2243
  rmse: 106.27293797591706
  std: 96.51771009424853
trans:
  max: 3.8543143659026367
  mean: 0.7941959772065068
  median: 0.806451627264583
  min: 0.04554536436003003
  num_samples: 2243
  rmse: 0.8968608658000332
  std: 0.4166679282025278
