rot:
  max: 9.503369509497734
  mean: 5.4446562371521185
  median: 5.374839646938144
  min: 2.3410130059216447
  num_samples: 2685
  rmse: 5.574164516824779
  std: 1.1945829899462588
scale:
  max: 630227.076814236
  mean: 2959.8339418767405
  median: 8.85882937355883
  min: 0.0005106337749749557
  num_samples: 2685
  rmse: 29806.89476202039
  std: 29659.574480944146
trans:
  max: 0.9557318418470165
  mean: 0.37638549887953543
  median: 0.3364860494463816
  min: 0.04065977339661349
  num_samples: 2685
  rmse: 0.41679773080334465
  std: 0.17903715993061475
