rot:
  max: 8.556676714246537
  mean: 3.844699925714428
  median: 3.7360878104106856
  min: 0.4163505651761768
  num_samples: 418
  rmse: 4.193030713627977
  std: 1.6732570175077761
scale:
  max: 22841.408432521795
  mean: 60.89467815483267
  median: 2.290910849273675
  min: 0.0079958158631932
  num_samples: 418
  rmse: 1118.2558847802404
  std: 1116.5966424891567
trans:
  max: 0.16280948247121088
  mean: 0.06033094397200463
  median: 0.053983788394073584
  min: 0.0154415980460021
  num_samples: 418
  rmse: 0.06577388761719256
  std: 0.026198883406090324
