rot:
  max: 31.020784631379726
  mean: 27.29499702596865
  median: 27.15056492604677
  min: 23.73600742339599
  num_samples: 3706
  rmse: 27.342101531731423
  std: 1.6042610522830263
scale:
  max: 3158.4605301719407
  mean: 332.8970795783796
  median: 92.04146886801591
  min: 0.016530754972277073
  num_samples: 3706
  rmse: 628.6741341945492
  std: 533.3016983035513
trans:
  max: 3.2928527584869935
  mean: 2.21658847874608
  median: 2.5164502741906727
  min: 0.39953016349809856
  num_samples: 3706
  rmse: 2.329819293884616
  std: 0.7174910856917652
