rot:
  max: 29.18461696263479
  mean: 15.901696032641388
  median: 15.773708749499159
  min: 9.769859086516222
  num_samples: 3134
  rmse: 15.991233362903364
  std: 1.6898543583134278
scale:
  max: 51683.09026384686
  mean: 447.05994006512435
  median: 52.61249530483073
  min: 0.034070018201792784
  num_samples: 3134
  rmse: 2237.5276538690027
  std: 2192.411323592699
trans:
  max: 3.1155556903422665
  mean: 1.7873106174604054
  median: 1.7462403559012252
  min: 0.6495526621665436
  num_samples: 3134
  rmse: 1.8835647536306037
  std: 0.594421515284247
