rot:
  max: 78.64999268009421
  mean: 58.266365168378485
  median: 61.91123086681713
  min: 32.89775687283985
  num_samples: 1008
  rmse: 59.74297968717387
  std: 13.200542108839297
scale:
  max: 157232.0852801542
  mean: 305.43780530261387
  median: 38.481068299496435
  min: 0.0020461860988474356
  num_samples: 1008
  rmse: 5249.008184615406
  std: 5240.1139939176355
trans:
  max: 1.9793635469846618
  mean: 1.036759458849656
  median: 1.0165977661308836
  min: 0.195300482822347
  num_samples: 1008
  rmse: 1.1161234319847326
  std: 0.4133537708926179
