rot:
  max: 6.295533206524824
  mean: 3.237040926681479
  median: 3.1105048591680107
  min: 0.5340494981041483
  num_samples: 1009
  rmse: 3.417120135001052
  std: 1.0946579630271387
scale:
  max: 49259.211237933094
  mean: 87.88014047484745
  median: 10.3589135631311
  min: 0.013333756572053712
  num_samples: 1009
  rmse: 1598.8828740611496
  std: 1596.4659488620998
trans:
  max: 0.439044558588981
  mean: 0.1962365932988991
  median: 0.18182083658830325
  min: 0.009976359434520196
  num_samples: 1009
  rmse: 0.2189978275498121
  std: 0.09721752888229424
