rot:
  max: 102.12772566355775
  mean: 50.76009279468787
  median: 54.58298431755385
  min: 2.543719107248067
  num_samples: 3456
  rmse: 56.67919714580987
  std: 25.217937436837673
scale:
  max: 27776682.788735528
  mean: 11190.262333987579
  median: 31.93970670011736
  min: 0.0007066458631133088
  num_samples: 3456
  rmse: 497690.0762861676
  std: 497564.2572197365
trans:
  max: 4.103815436556115
  mean: 1.0654880644622327
  median: 0.9304906019680862
  min: 0.04406176527809711
  num_samples: 3456
  rmse: 1.319761293961274
  std: 0.7787843459693194
