rot:
  max: 14.749407163663454
  mean: 9.30435036983912
  median: 9.097018692216393
  min: 4.19689010252462
  num_samples: 3228
  rmse: 9.741545140838685
  std: 2.885613613475033
scale:
  max: 18760.871133480898
  mean: 143.2159020175618
  median: 17.60299469507315
  min: 0.006673511930921361
  num_samples: 3228
  rmse: 1013.8736359328341
  std: 1003.7076043594375
trans:
  max: 2.0850313378008654
  mean: 0.6891882254548417
  median: 0.600855008932282
  min: 0.16347497739152303
  num_samples: 3228
  rmse: 0.7787438801591007
  std: 0.3625763654454853
