rot:
  max: 20.429608759221434
  mean: 10.196840097961552
  median: 10.31767646971293
  min: 0.7945875269329659
  num_samples: 3553
  rmse: 10.941486577440044
  std: 3.967440048810328
scale:
  max: 657919.243838798
  mean: 3236.08161732267
  median: 31.248171266566448
  min: 0.005247927391049956
  num_samples: 3553
  rmse: 31295.965637092308
  std: 31128.20651634283
trans:
  max: 1.9651791868285655
  mean: 1.0383245260869796
  median: 1.0309573803588903
  min: 0.14319937140845707
  num_samples: 3553
  rmse: 1.1160918982003896
  std: 0.409320539131373
