rot:
  max: 62.47827205996457
  mean: 32.62521446032612
  median: 27.610282813969825
  min: 14.68699920545042
  num_samples: 1246
  rmse: 34.66325681525275
  std: 11.710540314515548
scale:
  max: 155573.02485100087
  mean: 228.6783913857567
  median: 29.81246164599987
  min: 0.015740859643109673
  num_samples: 1246
  rmse: 4597.72534869701
  std: 4592.034905721455
trans:
  max: 1.208933050166326
  mean: 0.6032744697996484
  median: 0.5553528001725859
  min: 0.1617936186246121
  num_samples: 1246
  rmse: 0.6391730603659616
  std: 0.21119212860696832
