rot:
  max: 18.649895593783043
  mean: 12.97117107454956
  median: 13.25984420166334
  min: 6.25212246096304
  num_samples: 2747
  rmse: 13.181192245295925
  std: 2.343618988278231
scale:
  max: 7473.413581303289
  mean: 157.32714289183468
  median: 25.10692269463477
  min: 0.011983807467463858
  num_samples: 2747
  rmse: 488.3239583107426
  std: 462.2861217576884
trans:
  max: 1.5137901104503537
  mean: 0.5445974726481055
  median: 0.4581885297668262
  min: 0.0931293489754442
  num_samples: 2747
  rmse: 0.6156679231717032
  std: 0.287159510390748
