rot:
  max: 11.098239427020848
  mean: 4.41849176572429
  median: 4.508338323806518
  min: 1.4257095662816197
  num_samples: 1091
  rmse: 4.49175116761933
  std: 0.8079350642447967
scale:
  max: 87.3483130197618
  mean: 5.794766527371275
  median: 5.568126224399861
  min: 0.007014063419696903
  num_samples: 1091
  rmse: 7.099727067560825
  std: 4.1020489181765365
trans:
  max: 0.337858003917588
  mean: 0.12619568793341976
  median: 0.11518694984600164
  min: 0.02159201256074022
  num_samples: 1091
  rmse: 0.13777503114816975
  std: 0.05528659471237193
