rot:
  max: 30.018409959307462
  mean: 13.856701202060334
  median: 11.723370501194982
  min: 4.629836979799416
  num_samples: 3048
  rmse: 15.07679683469613
  std: 5.941517869326239
scale:
  max: 51703.01078029857
  mean: 230.6763946054492
  median: 35.91255376032766
  min: 0.006413005156646889
  num_samples: 3048
  rmse: 1378.0287629623067
  std: 1358.5844370237921
trans:
  max: 2.192542482738033
  mean: 0.9531597110606046
  median: 0.8768204035397033
  min: 0.2555186218535147
  num_samples: 3048
  rmse: 1.0679564762073703
  std: 0.48168205310570594
