rot:
  max: 19.50449492436808
  mean: 7.953199334709194
  median: 6.127783430047937
  min: 3.146400378020672
  num_samples: 1999
  rmse: 8.908466535601438
  std: 4.013402092777633
scale:
  max: 1411931.6442365837
  mean: 16426.00863332655
  median: 12.75134556423685
  min: 0.07361527482447894
  num_samples: 1999
  rmse: 100544.74109067714
  std: 99193.90707785024
trans:
  max: 0.6698601576167456
  mean: 0.25107172382085047
  median: 0.2515111664694309
  min: 0.043551401786655994
  num_samples: 1999
  rmse: 0.26984473689316485
  std: 0.09888969373280503
