rot:
  max: 26.586990573913166
  mean: 8.358849297715166
  median: 6.171022576857063
  min: 0.4180682533432775
  num_samples: 1999
  rmse: 10.054955431723819
  std: 5.588538910309114
scale:
  max: 1665493.3226490302
  mean: 16206.791868907989
  median: 9.002071611734708
  min: 0.00047523688719852686
  num_samples: 1999
  rmse: 112616.52862659673
  std: 111444.25699524843
trans:
  max: 0.4201346728751743
  mean: 0.16480699127551046
  median: 0.14183534264977665
  min: 0.02583109022489206
  num_samples: 1999
  rmse: 0.18138712418617575
  std: 0.07576242107565576
