rot:
  max: 14.214697907157682
  mean: 7.590114373466873
  median: 8.085575801891705
  min: 0.5364267869730953
  num_samples: 2206
  rmse: 8.02858682235543
  std: 2.6169390825525243
scale:
  max: 10719.455629408461
  mean: 15.758182757312246
  median: 4.373232553029766
  min: 0.004810563228319076
  num_samples: 2206
  rmse: 238.30006699898613
  std: 237.77847170824438
trans:
  max: 0.3844495197518882
  mean: 0.14911140049671073
  median: 0.1496350879856969
  min: 0.015760057163416788
  num_samples: 2206
  rmse: 0.1635108965792462
  std: 0.06709399035724802
