rot:
  max: 71.24050381658459
  mean: 26.095619201063524
  median: 11.138546138287163
  min: 2.0544608375650544
  num_samples: 3187
  rmse: 35.30212007297063
  std: 23.77516225306404
scale:
  max: 27857477.979668126
  mean: 48931.4440895091
  median: 25.944114107318118
  min: 0.010886395434384077
  num_samples: 3187
  rmse: 688970.0680466603
  std: 687230.2877809847
trans:
  max: 1.4912397771765813
  mean: 0.757708575345291
  median: 0.6401308196110472
  min: 0.1947225566086787
  num_samples: 3187
  rmse: 0.8359843290278784
  std: 0.3531961398832121
