rot:
  max: 8.81488036487083
  mean: 7.765530911655792
  median: 7.827103340053254
  min: 5.32669164575697
  num_samples: 3296
  rmse: 7.7826668189906565
  std: 0.5161709751008178
scale:
  max: 396638.40426599706
  mean: 328.19670423878824
  median: 32.39830809068225
  min: 0.03806298159859667
  num_samples: 3296
  rmse: 7565.663224422517
  std: 7558.541324138287
trans:
  max: 1.7317796121602307
  mean: 0.8157614326875392
  median: 0.7077839008580269
  min: 0.15284142974960657
  num_samples: 3296
  rmse: 0.9282244952110148
  std: 0.442870182389057
