rot:
  max: 19.61338843363125
  mean: 9.97189843010493
  median: 10.013675632691568
  min: 0.7099800952052492
  num_samples: 3553
  rmse: 10.509854525612853
  std: 3.3193800398893427
scale:
  max: 829248.9884482995
  mean: 3893.004039046769
  median: 14.675020305474252
  min: 0.00838821314215199
  num_samples: 3553
  rmse: 39430.701101937986
  std: 39238.05179850726
trans:
  max: 1.234225123985286
  mean: 0.7537207914422569
  median: 0.7158264554216353
  min: 0.20247539205007994
  num_samples: 3553
  rmse: 0.7834646084893699
  std: 0.2138264747477723
