rot:
  max: 179.98928009698852
  mean: 87.11726942572261
  median: 87.99313440567882
  min: 16.107394156226828
  num_samples: 2205
  rmse: 101.2780379629437
  std: 51.65096651011986
scale:
  max: 6038.804869724552
  mean: 92.69629216956443
  median: 33.73662049284628
  min: 0.07561368554638292
  num_samples: 2205
  rmse: 222.32891798580673
  std: 202.0830155919946
trans:
  max: 3.5007707200528015
  mean: 1.4807615701171686
  median: 1.5236462828608857
  min: 0.5036565547850147
  num_samples: 2205
  rmse: 1.6667089289773056
  std: 0.765025376309058
