rot:
  max: 31.25726963605639
  mean: 24.04174179807456
  median: 23.063976637455767
  min: 16.373044512335902
  num_samples: 3706
  rmse: 24.355773580026536
  std: 3.898507149696291
scale:
  max: 3108.5314947597267
  mean: 327.90942843478365
  median: 91.71290387731108
  min: 0.021457541250846646
  num_samples: 3706
  rmse: 619.0931631581068
  std: 525.120701755971
trans:
  max: 2.961695881265629
  mean: 2.2187045440936
  median: 2.4426578990698826
  min: 0.539920715102103
  num_samples: 3706
  rmse: 2.313731450469295
  std: 0.6562799485807542
