rot:
  max: 14.9528987642896
  mean: 11.228346408832282
  median: 11.21959286306737
  min: 7.664347212570645
  num_samples: 2286
  rmse: 11.281122554674681
  std: 1.0899371618827454
scale:
  max: 904878.044399177
  mean: 8918.52558003028
  median: 20.00587878980189
  min: 0.05328671039910304
  num_samples: 2286
  rmse: 58648.370488910274
  std: 57966.29419311557
trans:
  max: 2.329004999583445
  mean: 1.1358752790207498
  median: 1.1015938474867188
  min: 0.03986970452151487
  num_samples: 2286
  rmse: 1.2658629424707606
  std: 0.5587453262715187
