rot:
  max: 7.023573158437249
  mean: 3.191423947441343
  median: 3.097212402799033
  min: 1.122370338864858
  num_samples: 737
  rmse: 3.3725452569384213
  std: 1.0903553080513517
scale:
  max: 2211.5217807267795
  mean: 151.5008289885023
  median: 3.2088271975258653
  min: 0.007954586807745745
  num_samples: 737
  rmse: 405.88535850233615
  std: 376.55069122545314
trans:
  max: 0.6958265085056373
  mean: 0.30731261904360563
  median: 0.2869830779840281
  min: 0.04043192662630522
  num_samples: 737
  rmse: 0.3502696748566522
  std: 0.16807081632676327
