rot:
  max: 6.53166715221249
  mean: 3.4695920635084723
  median: 3.833493755065464
  min: 0.19258221443252635
  num_samples: 735
  rmse: 3.9371972709356484
  std: 1.8610355351529793
scale:
  max: 5509.321898289354
  mean: 16.682913754786327
  median: 5.369783143358142
  min: 0.13610536444592647
  num_samples: 735
  rmse: 204.25924090565312
  std: 203.57681077176738
trans:
  max: 0.23124431784623115
  mean: 0.14350652408299822
  median: 0.15086111590827136
  min: 0.02536576008851956
  num_samples: 735
  rmse: 0.15281103318834727
  std: 0.0525079937695778
