rot:
  max: 179.90549736374706
  mean: 84.58192042896688
  median: 82.02716738988454
  min: 8.3712036166131
  num_samples: 2206
  rmse: 99.44173890560067
  std: 52.29300309905306
scale:
  max: 7878.48977433448
  mean: 92.21975053938904
  median: 33.00958434538994
  min: 0.017213787373471234
  num_samples: 2206
  rmse: 247.35272225700118
  std: 229.51881582650694
trans:
  max: 3.421820737985503
  mean: 1.4541235624182522
  median: 1.5239853607266403
  min: 0.22629059573535523
  num_samples: 2206
  rmse: 1.6397843860484056
  std: 0.7579033566017493
