rot:
  max: 29.120813469313468
  mean: 2.3105860308304553
  median: 2.0399824867141785
  min: 0.5002913387182253
  num_samples: 835
  rmse: 2.7567401883084743
  std: 1.5035985700865129
scale:
  max: 124.30012624903846
  mean: 12.017152085979689
  median: 1.860878778358499
  min: 0.0036185730133309058
  num_samples: 835
  rmse: 25.646374814741563
  std: 22.656667823858044
trans:
  max: 0.2072223230758472
  mean: 0.11130243758902461
  median: 0.10831549250655942
  min: 0.01825418341973178
  num_samples: 835
  rmse: 0.1178413585812298
  std: 0.03870856725598687
