rot:
  max: 18.49620408614411
  mean: 10.830969948593006
  median: 10.781908476447658
  min: 3.093507259630138
  num_samples: 1246
  rmse: 11.183493142296227
  std: 2.785786933069711
scale:
  max: 34949.64631603263
  mean: 49.39306574504297
  median: 8.567096528346102
  min: 0.010434523846780674
  num_samples: 1246
  rmse: 1011.6462375638384
  std: 1010.4397236022421
trans:
  max: 0.5409558821963525
  mean: 0.28360261021997774
  median: 0.2665486700565184
  min: 0.123747499397345
  num_samples: 1246
  rmse: 0.29665174830699426
  std: 0.08701620107779738
