rot:
  max: 76.53299994678366
  mean: 57.5077598370878
  median: 56.938169544867655
  min: 43.822442998404455
  num_samples: 3154
  rmse: 57.89652090459101
  std: 6.698111030400657
scale:
  max: 6711.273658570029
  mean: 269.918348898915
  median: 29.333942929057166
  min: 0.012143347830906315
  num_samples: 3154
  rmse: 592.7149071307321
  std: 527.6883986432483
trans:
  max: 2.962299901494089
  mean: 1.4323708879571564
  median: 1.4245442050265065
  min: 0.30799090551339203
  num_samples: 3154
  rmse: 1.5423486577828456
  std: 0.5719729202483038
