rot:
  max: 18.16054690709642
  mean: 12.457731904252286
  median: 14.394304534206508
  min: 5.976199557283974
  num_samples: 1796
  rmse: 12.95149636349771
  std: 3.542057856030742
scale:
  max: 20092976.053516053
  mean: 27936.329099769908
  median: 104.50995881256493
  min: 18.596687866896723
  num_samples: 1796
  rmse: 505437.7642240909
  std: 504665.1315677328
trans:
  max: 4.160428261509139
  mean: 3.551311437527745
  median: 3.577919496312558
  min: 2.8410048076499597
  num_samples: 1796
  rmse: 3.5701012111690957
  std: 0.36580012530843586
