rot:
  max: 11.46145868786862
  mean: 4.952596244780986
  median: 4.908377375969257
  min: 0.662389061307686
  num_samples: 746
  rmse: 5.37638189105435
  std: 2.092193268949697
scale:
  max: 828.7208989484516
  mean: 18.156813871466877
  median: 3.5714980416649613
  min: 5.9504888527683875e-05
  num_samples: 746
  rmse: 51.17235929026118
  std: 47.84287267052938
trans:
  max: 0.47308284879917406
  mean: 0.20175655777181958
  median: 0.180747801505291
  min: 0.005223853248700004
  num_samples: 746
  rmse: 0.236793974728414
  std: 0.12395837149522088
