rot:
  max: 10.589490058258448
  mean: 3.473147165721597
  median: 3.4249604799600677
  min: 0.27238012588270083
  num_samples: 2924
  rmse: 3.794772248925593
  std: 1.528903262621882
scale:
  max: 876260.6550000577
  mean: 8923.286831595826
  median: 11.62904181170462
  min: 0.046872441116030394
  num_samples: 2924
  rmse: 64639.65513359555
  std: 64020.77762657399
trans:
  max: 0.43649529851615526
  mean: 0.24034353830300453
  median: 0.2388514997683653
  min: 0.023378572781586036
  num_samples: 2924
  rmse: 0.2554546834628328
  std: 0.08655679579956903
