rot:
  max: 52.85622903310762
  mean: 44.65027069937332
  median: 44.47850369628114
  min: 38.52352287874377
  num_samples: 4300
  rmse: 44.6878780406171
  std: 1.8329676063022602
scale:
  max: 2999.441505276061
  mean: 131.15671279512557
  median: 60.01772836392867
  min: 0.008233913177124741
  num_samples: 4300
  rmse: 281.7463670613356
  std: 249.35703727995687
trans:
  max: 1.229995775379357
  mean: 0.5783850910153046
  median: 0.5965233179017994
  min: 0.032452164057053985
  num_samples: 4300
  rmse: 0.6436860892378697
  std: 0.28249330606150785
