rot:
  max: 21.25760681724546
  mean: 11.614799785671055
  median: 11.376058019378867
  min: 2.8777343462566334
  num_samples: 1246
  rmse: 12.080269011900873
  std: 3.3210428089183273
scale:
  max: 274436.00620461284
  mean: 338.65001896410575
  median: 17.000158214629053
  min: 0.0007223986797644244
  num_samples: 1246
  rmse: 7963.75300451888
  std: 7956.5493828442395
trans:
  max: 1.3596590230666195
  mean: 0.4650671862931008
  median: 0.3781614626294416
  min: 0.04165556421683752
  num_samples: 1246
  rmse: 0.530524493361892
  std: 0.2552817077079955
